5.1 17040.4
5.10201 17040.4
5.10401 17040.4
5.10602 17040.5
5.10803 17040.5
5.11003 17040.6
5.11204 17040.7
5.11405 17040.8
5.11605 17040.9
5.11806 17041
5.12007 17041.1
5.12207 17041.3
5.12408 17041.4
5.12609 17041.6
5.12809 17041.8
5.1301 17042
5.13211 17042.2
5.13411 17042.4
5.13612 17042.6
5.13813 17042.9
5.14013 17043.2
5.14214 17043.4
5.14415 17043.7
5.14615 17044
5.14816 17044.3
5.15017 17044.7
5.15217 17045
5.15418 17045.4
5.15619 17045.7
5.15819 17046.1
5.1602 17046.5
5.16221 17046.9
5.16421 17047.3
5.16622 17047.8
5.16823 17048.2
5.17023 17048.7
5.17224 17049.2
5.17425 17049.7
5.17625 17050.2
5.17826 17050.7
5.18027 17051.2
5.18227 17051.8
5.18428 17052.3
5.18629 17052.9
5.18829 17053.5
5.1903 17054.1
5.19231 17054.7
5.19431 17055.3
5.19632 17056
5.19833 17056.6
5.20033 17057.3
5.20234 17058
5.20435 17058.7
5.20635 17059.4
5.20836 17060.1
5.21037 17060.8
5.21237 17061.6
5.21438 17062.4
5.21639 17063.1
5.21839 17063.9
5.2204 17064.7
5.22241 17065.6
5.22441 17066.4
5.22642 17067.2
5.22843 17068.1
5.23043 17069
5.23244 17069.8
5.23445 17070.7
5.23645 17071.6
5.23846 17072.6
5.24047 17073.5
5.24247 17074.5
5.24448 17075.4
5.24649 17076.4
5.24849 17077.4
5.2505 17078.4
5.25251 17079.5
5.25452 17080.5
5.25652 17081.5
5.25853 17082.6
5.26054 17083.7
5.26254 17084.8
5.26455 17085.9
5.26656 17087
5.26856 17088.1
5.27057 17089.3
5.27258 17090.4
5.27458 17091.6
5.27659 17092.8
5.2786 17094
5.2806 17095.2
5.28261 17096.4
5.28462 17097.7
5.28662 17098.9
5.28863 17100.2
5.29064 17101.5
5.29264 17102.8
5.29465 17104.1
5.29666 17105.4
5.29866 17106.8
5.30067 17108.1
5.30268 17109.5
5.30468 17110.9
5.30669 17112.2
5.3087 17113.6
5.3107 17115
5.31271 17116.5
5.31472 17117.9
5.31672 17119.4
5.31873 17120.8
5.32074 17122.3
5.32274 17123.8
5.32475 17125.3
5.32676 17126.8
5.32876 17128.4
5.33077 17129.9
5.33278 17131.5
5.33478 17133.1
5.33679 17134.7
5.3388 17136.3
5.3408 17137.9
5.34281 17139.5
5.34482 17141.1
5.34682 17142.8
5.34883 17144.5
5.35084 17146.1
5.35284 17147.8
5.35485 17149.6
5.35686 17151.3
5.35886 17153
5.36087 17154.8
5.36288 17156.5
5.36488 17158.3
5.36689 17160.1
5.3689 17161.9
5.3709 17163.7
5.37291 17165.5
5.37492 17167.3
5.37692 17169.2
5.37893 17171.1
5.38094 17172.9
5.38294 17174.8
5.38495 17176.7
5.38696 17178.6
5.38896 17180.5
5.39097 17182.5
5.39298 17184.4
5.39498 17186.4
5.39699 17188.4
5.399 17190.4
5.401 17192.4
5.40301 17194.4
5.40502 17196.4
5.40702 17198.4
5.40903 17200.5
5.41104 17202.6
5.41304 17204.6
5.41505 17206.7
5.41706 17208.8
5.41906 17210.9
5.42107 17213.1
5.42308 17215.2
5.42508 17217.3
5.42709 17219.5
5.4291 17221.7
5.4311 17223.9
5.43311 17226.1
5.43512 17228.3
5.43712 17230.5
5.43913 17232.7
5.44114 17235
5.44314 17237.2
5.44515 17239.5
5.44716 17241.8
5.44916 17244.1
5.45117 17246.4
5.45318 17248.7
5.45518 17251
5.45719 17253.4
5.4592 17255.7
5.4612 17258.1
5.46321 17260.4
5.46522 17262.8
5.46722 17265.2
5.46923 17267.6
5.47124 17270.1
5.47324 17272.5
5.47525 17274.9
5.47726 17277.4
5.47926 17279.9
5.48127 17282.3
5.48328 17284.8
5.48528 17287.3
5.48729 17289.8
5.4893 17292.3
5.4913 17294.9
5.49331 17297.4
5.49532 17300
5.49732 17302.5
5.49933 17305.1
5.50134 17307.7
5.50334 17310.3
5.50535 17312.9
5.50736 17315.5
5.50936 17318.2
5.51137 17320.8
5.51338 17323.5
5.51538 17326.1
5.51739 17328.8
5.5194 17331.5
5.5214 17334.2
5.52341 17336.9
5.52542 17339.6
5.52742 17342.3
5.52943 17345.1
5.53144 17347.8
5.53344 17350.6
5.53545 17353.3
5.53746 17356.1
5.53946 17358.9
5.54147 17361.7
5.54348 17364.5
5.54548 17367.3
5.54749 17370.1
5.5495 17373
5.55151 17375.8
5.55351 17378.7
5.55552 17381.5
5.55753 17384.4
5.55953 17387.3
5.56154 17390.2
5.56355 17393.1
5.56555 17396
5.56756 17398.9
5.56957 17401.8
5.57157 17404.8
5.57358 17407.7
5.57559 17410.7
5.57759 17413.7
5.5796 17416.6
5.58161 17419.6
5.58361 17422.6
5.58562 17425.6
5.58763 17428.6
5.58963 17431.7
5.59164 17434.7
5.59365 17437.7
5.59565 17440.8
5.59766 17443.9
5.59967 17446.9
5.60167 17450
5.60368 17453.1
5.60569 17456.2
5.60769 17459.3
5.6097 17462.4
5.61171 17465.5
5.61371 17468.6
5.61572 17471.7
5.61773 17474.9
5.61973 17478
5.62174 17481.2
5.62375 17484.4
5.62575 17487.5
5.62776 17490.7
5.62977 17493.9
5.63177 17497.1
5.63378 17500.3
5.63579 17503.5
5.63779 17506.8
5.6398 17510
5.64181 17513.2
5.64381 17516.5
5.64582 17519.7
5.64783 17523
5.64983 17526.2
5.65184 17529.5
5.65385 17532.8
5.65585 17536.1
5.65786 17539.4
5.65987 17542.7
5.66187 17546
5.66388 17549.3
5.66589 17552.6
5.66789 17556
5.6699 17559.3
5.67191 17562.6
5.67391 17566
5.67592 17569.3
5.67793 17572.7
5.67993 17576.1
5.68194 17579.5
5.68395 17582.8
5.68595 17586.2
5.68796 17589.6
5.68997 17593
5.69197 17596.4
5.69398 17599.8
5.69599 17603.2
5.69799 17606.7
5.7 17610.1
